version https://git-lfs.github.com/spec/v1
oid sha256:636b572936395b0025cebdabaef603a0f592de173ada8fb9c5be5465268481ed
size 835
